50
100
0 8
0 46
0 16
0 43
0 36
1 11
1 13
1 31
2 22
2 26
2 38
2 25
3 23
3 48
3 44
3 5
3 7
4 24
4 12
4 7
5 12
5 42
5 20
6 34
6 10
7 17
7 14
7 12
7 29
7 26
7 32
8 35
8 27
8 49
8 48
8 25
9 11
9 38
9 27
10 11
10 42
10 15
11 26
11 38
11 32
11 24
12 25
12 13
12 39
12 49
13 23
14 40
14 20
14 44
15 31
15 39
15 23
16 17
16 43
17 34
17 19
17 49
17 32
18 42
19 23
19 31
19 46
19 39
19 38
20 39
20 36
20 22
20 47
20 45
21 34
21 40
21 36
21 38
21 43
22 41
22 37
23 25
23 24
23 35
24 29
24 39
26 49
26 35
29 48
30 31
31 45
31 32
33 47
33 35
34 44
39 48
39 47
42 45
44 45
47 49
